1H
0 1 2 3 4 5 6 7 8 9 10 11 12 13 14 15 16 17 18 19 20 21 22 23 24 25 26 27 28 29 30 end
2H
0 1 2 3 4 5 6 7 8 9 10 11 12 13 14 15 16 17 18 19 20 21 22 23 24 25 26 27 28 29 30 end
4He
0 1 2 3 4 5 6 7 end
6Li
0 2.186 3.563 4.31 5.366 5.65 15.8 17.985 21.5 23 25 26.6 31 end
7Li
0 0.478 4.63 6.68 7.467 9.6 10.3 11.25 end 
8Li 
0 0.98 end
7Be
0 0.429 4.57 6.73 7.21 9.27 9.9 11.01 17.0 end
8Be
0 3.04 11.4 16.626 16.922 17.640 18.15 18.91 19.07 end
9Be
0 1.684 2.43 2.78 3.05 4.7 5.6 6.4 6.76 7.94 11.282 end
9B
0 1.6 2.361 2.788 4.8 6.97 11.7 12.06 14.01 14.655 14.7 15.29 15.58 16.024 16.7 16.8 17.076 17.19 17.637 18.6 end
10B
0 0.718 1.740 2.154 3.587 4.774 5.110 5.164 5.180 5.920 6.025 6.127 6.560 6.875 7.004 7.428 7.47 7.479 7.5599 7.666 7.75 7.811 7.96 8.07 8.68 8.887 8.895 9.58 9.7 10.825 11.511 12.564 13.494 14.34 18.2 20 25 end
12B
0 0.9531 1.673 2.620 2.723 3.389 3.760 4.000 4.302 4.460 4.523 4.990 5.610 5.726 6.000 6.200 6.600 7.060 7.300 7.545 end
10C
0 3.3536 5.22 5.38 6.58 8 10 12 14 15 16 18 20 end
11C
0 2. 4.319 4.804 6.339 6.478 6.905 7.500 8.104 8.420 8.655 8.699 9.200 9.650 9.780 9.970 10.083 10.679 11.030 11.440 12.160 12.650 13.010 13.330 13.400 13.900 14.070 14.760 15.350 15.590 16.700 18.200 23. 28. end
12C
0 4.43891 7.65420 9.641 10.300 10.844 11.160 11.828 12.710 13.352 14.083 15.110 15.440 16.1058 16.570 17.230 17.760
18.160 18.350 18.600 18.710 18.800 19.200 19.400 19.550 19.690 20.000 20.270 20.500 20.620 20.980 21.600 22.000 22.400 22.650 23.040 23.520 23.920 24.430 24.920 25.3000 25.400 25.950 26.800 27.000 27.5950 27.900 28.200 28.830
29.400 29.630 30.290 31.160 32.290 33.470 end
13C
0.0 3.089443 3.684507 3.089443 3.853807 6.864 7.492 7.547 7.686 8.2000 8.860 9.4998 9.897 10.460 10.753 10.818 10.996 11.080 11.075 11.748 11.848 11.950 12.106 12.130 12.140 12.187 12.438 13.00 13.280 13.410 13.570 13.760 14.130 14.390 14.582 14.983 15.1082 15.270 15.526 16.080 16.150 16.183 16.950 17.360 17.533 17.699 17.920 18.082
18.300 18.497 18.699 19.510 19.900 20.057 20.110 20.200 20.300 20.429 20.520 20.600 20.930 21.280 21.466 21.703 21.810 22.200 23.000 24.000 26.000 26.800 27.500 30.000 end
11B
0 2.125 4.445 5.021 6.743 6.793 7.286 7.978 8.559 8.920 9.186 9.275 9.87 10.262 10.330 10.602 10.960 11.272 11.450 11.600 11.893 end
12N
0 0.96 1.191 1.8 2.439 3.132 3.558 4.140 5.348 5.600 6.4 7.4 7.684 8.446  9.035 9.42 9.8 10.3 11 end
13N
0 2.365 3.502 3.547 6.364 6.886 7.155 7.376 7.9 8.582 8.918 9.000 9.476 10.360 10.833 11.530 11.700 11.740 11.860 12.230 12.558 12.937 13.5 14.05 15.064 15.990 16 18 20 22 24 26 28 30 32 end
14C
0 6.094 6.589 6.728 6.902 7.012 7.341 8.317 9.746 9.801 10.425 10.449 10.498 10.736 11.306 11.395 11.5 11.666 11.73 11.9
end
14N
0 2.313 3.948 4.915 5.105 4.92 5.11 5.691 5.834 6.203 6.446 7.029 7.967 8.49 8.618 8.776 8.907 8.964 8.98 9.129 9.39 10.81 end
14O
0 5.173 5.920 6.272 6.590 6.790 7.768 8.720 9.715 9.915 10.890 11.240 11.970 12.840 13.010 14.150 14.640 17.400 end
15N
0 5.270155 5.2988 6.3238 7.15505 7.30083 7.5671 8.31262 8.5714 9.04971 9.1519 9.1549 9.2221 9.760 9.829 9.925 10.0660 10.4497 10.5333 10.6932 10.7019 10.804 end
15O
0 5.183 5.241 6.176 6.793 6.859 7.276 7.556 8.284 8.743 8.922 8.982 9.484 9.488 9.609 9.662 10.290 10.300 10.461 10.480 10.506 10.917 10.938 11.025 11.151 11.218 11.565 11.569 11.616 11.719 11.748 11.846 11.98 12.129 12.222 12.255 12.295 12.471 12.6 12.8 12.835 13.008 13.025 13.45 13.6 13.7 13.79 13.87 14.03 14.17 14.27 14.34 14.465 14.7 14.95 15 16 17 18 20 22 24 26 28 30 end
16O
0 6.049 6.1299 6.917 7.116 8.872 9.585 9.844 10.356 10.957 11.080 11.097 11.260 11.520 11.600 12.049 12.440 12.530 12.796 12.969 13.020 13.090 13.129 13.259 13.664 13.869 13.980 14.032 14.302 14.399 14.620 14.660 14.815 14.926 15.097 15.196 15.260 15.408 15.785 15.828 16.200 16.209 16.275 16.352 16.442 16.817 16.844 16.930 17.090 17.129 17.140 17.197 17.282 17.510 17.555 17.609 17.720 17.775 17.784 17.877 18.016 18.029 18.089 18.202 18.290 18.404 18.430 18.484 18.600 18.600 18.640 18.773 18.785 18.790 18.977 19.001 19.080 19.206 19.253 19.257 19.319 19.375 19.470 19.539 19.754 19.808 19.895 20.055 20.412 20.510 20.541 20.560 20.615 20.857 20.945 21.050 21.052 21.175 21.500 21.623 21.648 21.776 22.040 22.150 22.350 22.650 22.721 22.890 	23.100 23.235 23.510 23.879 24.070 24.360 24.522 24.760 25.120 25.600 26.363 27.500 28.200 29.000 34.000 35.000 end
16F
0 .193 .424 .721 3.758 3.87 4.372 4.654 4.71 4.977 5.272 5.404 5.449 5.524 5.57 5.856 6.05 6.224 6.372 6.559 6.679 6.93 7.11 7.5 7.9 9.5 9.6 11.5 end
17O
0 .87 3.055 3.842 4.553 5.084 5.218 5.379 5.697 5.732 5.869 5.939 6.356 6.862 6.972 7.166 7.202 7.379 7.382 7.559 7.576 7.688 9 10 11.815 12.005 12.11 12.22 12.274 12.38 12.42 12.466 12.595 12.669 12.810 12.930 12.944 12.998 13.076 13.484 13.58 13.609 13.635 13.67 14.15 14.230 14.286 14.451 14.720 14.76 14.791 15 15.1 15.199 15.368 15.6 15.78 15.95 16.243 16.58 16.6 17.06 17.436 17.92 18.11 18.72 19.6 19.82 20.14 20.20 20.39 20.58 20.7 21.05 21.2 21.7 22.1 22.5 23 23.5 24.4 end
17F
0 0.49533 3.104 3.857 4.640 5.000 5.220 5.488 5.672 5.682 5.820 6 7 8 9 10 11 12 13 14 15 17 20 23 25 28 30 end
18O
0 1.982 3.555 3.634 3.920 4.456 5.097 5.255 5.336 5.377 5.530 6.198 6.351 6.404 6.880 7.116 7.615 7.771 7.864 7.977 8.037 8.125 8.213 8.282 8.410 8.521 8.66 8.817 8.955 9.0 9.03 9.1 9.27 9.361 9.414 9.480 9.672 9.713 9.89 10.188 11 12 13 14 15 20 25 30 35 40 end
18F
1.1 2.05 3.68 4.25 6.12 6.76 7.13 7.62 9.44 10.44 11.41 15 20 25 30 end
18Ne
0 1.887 3.376 3.576 3.616 4.519 4.561 4.59 5.09 5.146 5.453 6.15 6.297 6.353 7.059 7.35 7.713 7.91 7.95 8.086 8.5 9.201 end
19F
0 0.1099 0.197 1.346 1.4587 1.554038 2.7798 3.90817 3.9987 4.03625 4.3777 4.5499 4.5561 4.648 5.1066 5.337 5.418 5.4635 5.5007 5.535 5.621 5.938 6.07 6.088 6.1 6.1606 6.255 6.282 6.330 6.429 6.4967 6.50 6.5275 6.554 6.592 6.787 6.8384 6.891 6.9265 6.989 7.114 7.1662 7.262 7.364 7.5396 7.56 7.587 7.6606 7.702 7.74 7.9 7.929 7.937 8.014 8.084 8.1377 8.16 8.199 8.2543 8.288 8.31 8.37 8.5835 8.5919 8.626 8.65 8.7932 8.864 8.9267 8.953 9.03 9.0997 9.101 9.167 9.204 9.267 9.28 9.318 9.321 9.329 9.509 9.527 9.5364 9.566 9.757 9.586 9.642 9.654 9.6675 9.682 10 11 12 13 14 15 16 17 18 19 20 21 end
19Ne
0 0.238 0.275 1.508 1.536 1.616 2.795 4.0329 4.140 4.1971 4.3791 4.549 4.6 4.635 4.712 4.783 5.092 5.351 5.424 5.463 5.539 5.832 6.013 6.092 6.149 6.288 6.419 6.437 6.45 6.698 6.742 6.861 7.076 7.173 7.238 7.253 7.5 7.351 7.608 7.644 7.7 7.788 7.819 7.994 8.069 8.236 8.442 8.523 8.810 8.92 9.013 9.1 end
20F
0 0.65602 0.82273 0.98359 1.056848 1.30919 1.8238 1.8438 1.97083 2.04398 2.1943 2.86486 2.96611 2.968 3.17169 3.48841 3.52631 3.58654 3.5898 3.669 3.68017 3.761 3.96507 4.08217 4.1993 4.2081 4.27709 4.312 4.37147 4.509 4.518 4.5846 4.59172 4.722 4.7312 4.744 4.7648 4.89276 4.8994 5.0415 5.0668 5.13 5.2261 5.255 5.28279 5.31917 5.3461 5.352 5.407 5.4521 5.4572 5.46589 5.55534 5.574 5.588 5.62313 5.645 5.661 5.71 5.725 5.7649 5.795 5.8101 5.93613 5.9391 5.951 6.007 6.01778 6.04498 6.065 6.079 6.095 6.111 6.136 6.154 6.189 6.213 6.251 6.287 6.2991 6.335 6.355 6.391 6.413 6.444 6.458 6.481 6.509 6.519 6.578 6.627 6.6426 6.6475 6.6934 6.7661 6.825 6.8567 6.905 6.936 6.9678 7.067 7.08 7.166 7.232 7.283 7.319 7.37 7.42 7.495 7.655 7.734 7.843 7.985 8.050 8.062 8.113 8.147 8.268 8.349 8.421 8.5 8.72 8.77 8.94 9.01 9.2 9.52 9.65 9.83 9.85 9.886 9.9 9.929 9.981 10.024 10.1 10.228 10.48 10.641 10.807 10.99 11.045 11.13 11.244 11.287 11.49 12 12.2 12.4 12.7 13.2 13.7 14.0 end
20Ne
0 1.633674 4.2477 4.96651 5.6241 5.7877 6.706 6.725 7.004 7.1536 7.191 7.4219 7.8334 8.453 8.708 8.776 8.82 8.854 9 9.031 9.116 9.196 9.318 9.483 end
20Na 0 0.599 0.799 0.984 1.032 1.349 1.829 1.837 1.848 1.992 2.059 2.645 2.849 2.986 3.001 3.056 3.315 3.642 3.698 3.871 4.123 4.150 4.560 4.800 5.170 5.600 6.266 6.534 end
21Na
0 0.332 1.716 2.425 2.798 2.829 3.544 3.680 3.863 4.170 4.294 end
21Ne
0 .350728 1.745909 2.78883 2.79414 2.8668 3.66367 3.7353 3.8843 4.4336 4.5254 4.6845 4.72536 5.3357 5.4308 5.549 6 7 8 9 10.913 11.28 12.315 12.451 12.946 13.801 16.058 16.356 20 25 30 end
22Na
0 .58303 .657 .89089 1.52806 1.9369 1.9518 1.9838 2.2115 2.5715 2.9687 3.0596 3.5192 3.7066 3.9435 4.0713 4.2961 4.319 4.36 4.4683 4.5238 4.5828 4.6217 4.71 4.771 5.0624 5.1006 5.131 5.174 5.318 5.442 6 7 8 9 10 end
22Ne
0 1.275 3.358 4.456 5.146 5.363 5.523 5.641 5.91 6 7 8 9 10 11 12 13 14 15 end
22Mg
0 1.246 3.308 4.401 5.006 5.037 5.090 5.292 5.317 5.454 5.714 5.837 5.962 6.046 6.246 6.329
6.613 6.771 6.878 6.980 7.206 7.373 7.606 7.840 7.945 8.203 8.290 8.396 8.547 8.613 8.754 8.925 
9.066 9.329 9.533 9.633 9.712 9.827 9.924 10.078 10.190 10.927 10.429 10.570 
10.660 10.750 10.844 10.980 11.135 14.044 end
23Na
0 .4399 2.0764 2.3909 2.6398 2.7037 2.9824 3.6783 3.848 3.9147 4.432 4.7756 5.38 5.536 5.741 5.766 5.78 5.931 5.967 6.043 6.117 6.191 6.236 6.26 6.308 6.35 7 8 9 10 12 14 16 18 20 25 30 35 40 45 end
23Mg
0 0.4507 2.051 2.359 2.715 2.771 2.908 2.8 3.864 3.974 4.354 4.685 5.387 5.456 5.656 5.691 5.711 5.932 5.984 6.125 6.191 6.236 6.375 6.442 6.507 6.538 6.568 6.771 6.799 6.81 6.899 6.984 7.017	7.111 7.146 7.229 7.258 7.381 7.444 7.493 7.583 7.622 7.643 7.783 7.622 7.643 7.783 7.795 7.857 8.017 8.061 8.074 8.166 8.193 8.287 8.341 8.393 8.42 8.455 8.557 8.617 8.758 8.793 8.87 8.916 8.941 8.99 9.018 9.060 9.103 9.138 9.253 9.328 9.374 9.403 9.420 9.465 9.596 9.642 9.662 9.717 end
24Mg
0 1.369 4.123 4.238 5.235 6.010 6.432 7.349 7.555 7.616 7.748 8.113 8.358
8.438 8.439 8.655 9.004 9.146 9.284 9.300 9.301 9.305 9.458 9.516 9.528 9.533
9.828 9.968 10.028 10.059 10.111 10.161 10.334 10.361 10.576 10.581 10.659
10.660 end
24Al
0 .4258 .510 1.107 1.13 1.275 1.559 1.634 2.349 2.534 2.81 2.9 3.02 3.27 3.36 3.47 3.6 3.695 3.885 4.059 4.12 4.275 4.385 4.465 4.735 4.86 5.315 5.47 5.51 5.6 5.67 5.755 5.88 5.957 5.99 6.15 6.315 6.445 6.535 6.68 6.78 6.905 7.065 7.34 7.42 7.66 end
24Si
0 1.879 3.441 4.05 4.17 4.47 5 6 7 8 9 10 end
25Mg
0 .585 .974853 1.611767 1.9646 2.563 2.7377 2.80147  3.4052 3.41344 3.9077 3.9707 4.0594 4.27649 5.0122 5.116 5.251 5.4603 5.4748 5.5222 5.532 5.744 5.747 5.7931 5.86 5.9716 5.978 6.041 6.082 6.169 6.362 6.434 6.468 6.678 6.777 6.832 6.84 6.883 6.913 6.958 7.038 7.088 7.181 7.185 7.226 7.285 7.3752 7.4109 7.493 7.5 7.525 7.551 7.5775 7.586 7.633 7.653 7.743 7.786 7.801 7.8088 7.838 7.8637 7.866 7.9467 7.961 7.963 8.011 8.075 8.119 8.1408 8.244 8.267 8.3165 8.3242 8.3513 8.3626 8.4 8.447 8.532 8.548 8.551 8.5588 8.569 8.5795 8.5967 8.656 8.705 8.811 8.8346 8.8691 8.888 8.894 8.896 9.013 9.014 9.0718 9.3258 9.410 9.5021 9.651 9.685 9.83 9.947 10.0388 10.137 10.2526 10.618 10.653 11.003 11.0455 11.2 11.361 11.389 11.41 11.46 11.486 11.725 11.747 11.779 11.9989 12.898 13.143 13.332 end
25Al
0 .4517 .9449 1.6125 1.7896 2.4853 2.6735 2.7202 3.0621 3.4242 3.6956 3.8230 3.8591 4.0262 4.1924 4.516 4.582 4.906 5.045 5.068 5.083 5.101 5.116 5.232 5.285 5.526 5.597 5.686 5.785 5.804 6.063 6.122 6.170 6.322 6.385 6.409 6.517 6.620 6.650 6.734 6.740 6.770 6.829 6.877 6.895 6.909 6.944 7.022 7.055 7.118 7.150 7.183 7.240 7.297 7.409 7.422 7.588 7.646 7.684 7.717 7.770 7.819 7.848 7.892 7.901 7.936 7.970 8.026 8.077 8.089 8.186 9.073 end
26Mg
0.000 1.809 2.938 3.589 3.942 4.319 4.333 4.350 4.835 4.901 4.972 5.292 5.476 5.691 5.716 6.125 6.256 6.622 6.634 6.746 6.876 6.978 7.062 7.100 7.200 7.242 7.261 7.283 7.349 7.371 7.395 7.428 7.542 7.677 7.697 7.726 7.773 7.816 7.824 7.840 7.851 7.953 8.033 8.053 8.185 8.201 8.228 8.251 8.399 8.459 8.464 8.472 8.504 8.532 8.577 8.625 8.670 8.706 8.864 8.904 8.930 8.959 9.020 9.045 9.064 9.111 9.169 9.206 9.239 9.261 9.281 9.291 9.304 9.317 9.326 9.371 9.383 9.428 9.471 9.541 9.560 9.574 9.579 9.590 9.617 9.681 9.714 9.771 9.779 9.814 9.829 9.857 9.883 9.902 9.927 9.939 9.967 9.982 9.989 10.040 10.069 10.102 10.127 10.136 10.148 10.159 10.184 10.220 10.234 10.271 10.319 10.328 10.341 10.350 10.362 10.377 10.400 10.414 10.487 10.493 10.516 10.529 10.567 10.576 10.600 10.646 10.650 10.682 10.693 10.707 10.719 10.726 10.746 10.767 10.806 10.824 10.881 10.893 10.915 10.927 10.945 10.978 10.998 11.012 11.048 11.084 11.112 11.142 11.153 11.163 11.169 11.171 11.183 11.189 11.191 11.195 11.243 11.274 11.280 11.287 11.289 11.295 11.311 11.328 11.329 11.344 11.362 11.365 11.373 11.393 11.425 11.440 11.457 11.464 11.499 11.508 11.541 11.570 11.586 11.612 11.647 11.795 11.828 11.890 11.910 11.945 11.950 12.049 12.088 12.110 12.142 12.196 12.345 12.479 12.865 12.958 13.958 14.542 16.580 18.050
end
26Al
0 .22805 .416852 1.058 1.759 1.851 2.069 2.072 2.365 2.545 2.660 2.740 2.913 3.074 3.160 3.403 3.59.508 3.596 3.675 3.681 3.724 3.751 3.754 3.922 3.963 3.922 3.963 3.978 4.192 4.206 4.349 4.431 4.480 4.548 5.569 5.585 5.598 6.084 6.120 6.198 6.344 6.436 6.496 6.551 6.695 6.802 6.852 7.366 7.425 7.596 7.814 7.921 8.008 8.531 8.602 8.747 8.924 9.060 9.271 9.286 9.311 9.720 9.960 9.986 10.660 13.910 end
26Si
0 1.796 2.784 3.332 3.756 3.842 4.093 4.138 4.183 4.446 4.806 5.142 5.291 5.520 5.678
5.916 5.945 6.30 6.38 6.470 6.787 6.880 7.019 7.160 7.390 7.425 7.498 7.687 7.9 8.120 8.570 8.700 9.170 13.080 end
27Al
0 0.844 1.1014 2.212 2.735 2.982 3.004 3.680 3.957 4.055 4.410 4.510 4.580 4.812 5.156 5.248 5.420 5.433 5.438 5.500 5.551 5.667 5.752 5.827 5.960 6.081 6.116 6.158 6.285 6.463 6.477 6.512 6.533 6.605 6.651 6.713 6.765 6.776 6.814 6.821 6.948 6.993 6.996 7.071 end
27Si
0 0.781 0.957 2.164 2.648 2.866 2.910 3.540 3.804 4.138 4.289 4.447 4.475 4.704 5.062 5.208 5.262 5.283 5.317 5.392 5.497 5.547 5.580 5.613 5.783 5.897 6.028 6.059 6.089 6.323 6.346 6.398 6.457 6.513 6.572 6.587 6.626 6.715 6.743 6.780 7.005 7.059 7.080 7.134 7.223 7.239 7.260 7.276 7.324 7.341 7.383 7.428 7.436 7.468 7.532 7.557 7.592 7.652 7.690 7.702 7.741 7.792 7.831 7.893 7.911 7.972 8.036 8.074 8.140 8.157 8.165 8.176 8.184 8.207 8.226 8.232 8.289 8.328 8.374 8.358 8.451 8.485 8.514 8.545 8.556 8.573 8.597 8.671 8.719 8.777 8.871 8.994 9.039 9.067 9.105 9.193 9.247 9.298 9.335 9.357 9.403 9.442 9.499 9.515 9.603 9.618 9.664 9.719 9.778 9.821 9.841 9.897 9.935 9.998 10.036 10.5 11 11.5  end
28Si
0 1.779 4.618 4.980 6.276 6.879 6.888 7.381 7.416 7.799 7.933 8.258 8.413 8.589 9.316 9.382 9.479 9.702 9.765 10.182 10.596 10.668 10.725 10.900 10.916 11.079 11.433 11.572 11.657 11.778 11.900 11.976 12.071 12.19 12.3 12.48 12.66 12.74 12.8 12.99 13.05 13.11 13.2 13.25 13.98 14.04 14.36 15.05 15.12 15.49 15.915 end
29Si
0 1.273 2.028 2.425 3.067 3.623 4.080 4.931 6.379 7 8 9 10 11 12 13 14 15 16 17 18 19 20 end
28P
0 0.10564 0.877 1.134 1.313 1.5168 1.568 2.104 2.143 2.216 2.406 2.483 2.628 2.857 2.896 2.973 3.164 3.2 3.25 3.512 3.558 3.728 3.806 3.911 4.15 4.18 4.29 4.5 4.63 4.94 4.97 5.19 5.9 6 7 8 10 12 14 16 end
29Si
0 1.274 2.028 2.426 3.067 3.624 4.080 4.741 4.840 4.895 4.935 5.255 5.286 5.652 5.813 5.949 6.107 6.194 6.381 6.424 6.496 6.522 6.616 6.696 6.713 6.715 6.781 6.909 6.921 7.014 7.058 7.072 7.139 7.182 7.197 7.523 7.622 7.692 7.767 7.787 7.892 8. 9. 10. 11. 12. 13. 14. 15. 16. 17. end
29P
0 1.38 1.95 2.42 3.11 3.45 4.08 4.34 4.64 4.75 4.95 5.05 5.29 5.53 5.74 5.83 5.97 6.07 6.19 6.33 6.51 6.58 6.83 6.96 7.02 7.15 7.27 7.36 7.46 7.52 7.64 7.76 7.95 8.00 8.11 8.23 8.3 8.38 8.43 8.51 8.53 8.69 8.78 9 10 11 12
end
30Si
0 2.235 3.498 3.769 3.788 4.810 4.831 5.232 5.280 5.372 5.488 5.614 5.951 6.504 6.538 6.641 6.642 6.744 6.865 6.915 7.001 7.044 7.080 7.225 7.256 7.441 7.508 7.613 7.624 7.634 7.667 7.811 7.912 8.105 8.156 8.163 8.191 8.197 8.290 8.333 8.441 8.537 8.554 8.597 8.639 8.672 8.684 8.734 8.799 8.887 8.898 8.939 8.953 8.963 8.979 9.035 9.045 9.104 9.111 9.131 9.167 9.255 9.308 9.350 9.362 9.371 9.406 9.439 9.475 9.507 9.575 9.597 9.605 9.620 9.648 9.688 9.725 9.761 9.768 9.777 9.792 9.816 9.882 9.897 9.955 9.958 10.027 10.057 10.079 10.116 10.184 10.188 10.202 10.219 10.276 10.288 10.305 10.349 10.355 10.397 10.420 10.449 10.465 10.472 10.508 10.561 10.581 10.622 10.669 10.679 10.725 10.732 10.795 10.805 10.823 10.835 10.866 10.909 10.975 10.991 11.015 11.038 11.073 11.084 11.091 11.205 11.210 11.250 11.269 11.323 11.349 11.382 11.418 11.477 11.494 11.513 11.544 11.565 11.661 11.740 11.785 11.842 11.880 12.015
end
30P
0 .6773 .709 1.4547 1.9736 2.539 2.724 2.84 2.9379 3.0194 4 5 6 7 8 9 10 11 end
30S
0 2.2107 3.4026 3.666 3.676 4.692 4.813 5.136 5.225 5.317 5.396 5.843 6.071 6.341 6.532 6.766 7.074 7.123 7.295 7.352 7.485 7.598 7.693 7.924 end
31S
0 1.2489 2.2356 3.0790 3.2855 3.3511 3.437 4.080 4.204 4.452 4.525 4.580 4.718 4.866 4.969 5.022 5.151 5.306 5.408 5.440 5.515 5.685 5.781 5.826 5.894 5.985 6.155 6.267 6.268 6.350 6.396 6.453 6.593 6.628 6.712 6.748 6.796 6.835 6.870 6.921 6.996 7.039 7.112 7.155 7.199 7.310 7.445 7.522 7.600 7.660 7.715 7.768 7.850 7.888 7.985 8.082 8.183 8.362 8.453 end
32S
0 2.230 3.778 4.281 4.459 4.695 5.006 5.413 5.549 5.798 6.224 6.411 6.580 6.621 6.666 6.761 6.852 7.003 7.115 7.190 7.350 7.434 7.485 7.536 7.567 7.637 7.702 7.883 7.885 7.921 7.950 7.975
8.125 8.191 8.270 8.276 8.296 8.344 8.346 8.380 8.407 8.499 8.507 8.690 8.729 8.746 8.861 9.023 9.024 9.059 9.138 9.170 9.196 9.208 9.235 9.255 9.290 9.389
9.464 9.487 9.557 9.635 9.650 9.659 9.712 9.724 9.730 9.783 9.817 9.849 9.888 9.920 9.950 9.978 9.980 9.983 9.986 10.021 10.076 10.140 10.220 10.223 10.226
10.231 10.257 10.276 10.288 10.291 10.293 10.333 10.369 10.372 10.397 10.401 10.434 10.450 10.457 10.500 10.509 10.528 10.570 10.573 10.604 10.626 10.636
10.658 10.696 10.700 10.705 10.745 10.757 10.769 10.779 10.785 end
31P
0 1.266 2.234 3.134 3.295 3.415 3.506 4.190 4.261 4.431 4.594 4.634 4.783 5.015 5.115 5.256 5.343 5.529 5.559 5.672 5.773 5.892 5.988 6.048 6.080 6.233 6.337 6.381 6.399 6.454 6.461 6.496 6.501 6.594 6.610 6.793 6.825 6.842 6.909 6.931 7.068 7.080 7.084 7.118 7.141 7.214 7.314 7.349 7.441 7.466 7.687 7.715 7.736 7.779 7.825 7.852 7.897 7.913 7.946 7.994 8.032 8.049 8.085 8.105 8.208 8.225 8.243 8.247 8.346 8.356 8.434 8.461 8.470 8.544 8.552 8.555 8.575 8.584 8.601 8.641 8.649 8.729 8.730 8.738 8.754 8.757 8.763 8.840 8.903 8.910 8.936 8.986 9.009 9.046 9.053 9.067 9.113 9.116 9.128 9.131 9.154 9.156 9.176 9.206 9.226 9.241 9.253 9.256 9.291 9.320 9.358 9.361 9.362 9.400 9.412 9.441 9.449 9.477 9.524 end
33S
0 8.410 1.967 2.313 2.868 2.935 2.969 3.220 3.832 3.935 4.048 4.056 4.094 4.145 4.211 4.375 4.424 4.730 4.746 4.866 4.918 4.942 5.177 5.209 5.273 5.282 5.286 5.337 5.347 5.395 5.480 5.597 5.613 5.622 5.711 5.726 5.869 5.889 5.916 5.982 6.067 6.079 6.101 	6.131 6.234 6.261 6.310 6.326 6.362 6.372 6.416 6.425 6.487 6.513 6.526 6.559 6.616 6.677 6.689 6.710 6.720 6.788 6.892 6.905 6.967 6.999 7.017 7.038 7.133 7.164 7.183 7.188 7.254 7.330 7.337 7.353 7.359 7.369 7.401 7.416 7.452 7.460 7.475 7.482	7.488 	7.507 7.560 7.579 7.589 7.595 7.601 7.616 8.107 8.234 8.329 8.368 8.584 8.644 8.671 8.683 8.687 8.729 8.736 8.741 8.750 8.782 8.797 8.809 8.838 8.873 8.894 8.905 8.921 8.941 8.944 8.953 8.975 8.977	8.984 9.007 9.009 9.012 9.031 9.041 9.055 9.087 9.090 9.115 9.139 9.158 9.175 9.200 9.210 9.211 9.245 9.268 9.271 9.280 9.287 9.296 9.309 9.316 9.344 9.357 9.360 9.39 9.397 9.402 9.435 9.450 9.460 10.356 end
33Cl
0 0.810 1.986 2.352 2.685 2.839 2.846 2.975 3.816 3.972 4 5 6 7 8 9 10 15 end
34S
0 2.128 3.304 3.916 4.075 4.115 4.6255 4.689 4.877 4.890 5.228 5.323 5.381 5.680 5.689 5.756 5.848 5.998 6.121 6.169 6.251 6.251 6.252 6.343 6.421 6.428 6.479 6.535 6.639 6.685 6.729 6.742 6.829 6.848 6.864 6.89 6.954 7.111 7.165 7.219 7.248 7.27 7.367 7.392 7.468 7.553 7.630 7.657 7.714 7.731 7.753 7.781 7.788 7.795 7.974 8.02 8.036 8.083 8.138 8.175 8.185 8.205 8.255 8.264 8.293 8.294 8.369 8.385 8.425 8.502 8.507 8.616 8.651 8.657 8.67 8.702 8.712 8.728 8.733 8.782 8.806 8.874 8.876 8.942 8.968 8.99 9.026 9.095 9.159 9.208 9.478 9.546 9.598 9.64 9.666 9.711 9.802 9.837 9.86 9.966 9.981 10.092 10.097 10.142 10.17 10.180 10.201 10.212 10.237 10.250 10.312 10.386 10.407 10.447 10.494 10.529 10.587 10.617 10.626 10.651 10.663 10.670 10.705 10.768 10.791 10.803 10.84 10.869 10.895 10.916 10.931 10.994 11.015 11.025 end
32Cl
0 0.090 0.466 1.168 1.326 1.719 2.122 2.194 2.270 2.665 2.858 2.941 3.056 3.166 3.290 3.692 3.767 3.883 4.002 4.079 4.167 4.356 4.432 4.59 4.757 4.788 5.024 end
34Cl
0 .14636 .461 .66555 1.23028 1.88731 2.1579 2.1811 2.3758 2.5803 2.61105 2.7213 3.12913 3.334 3.3833 3.54507 3.60027 3.6314 3.6463 3.66 3.77384 3.7917 3.847 3.9401 3.9641 3.983 4.076 4.0763 4.1398 4.1478 4.206 4.32591 4.3542 4.4173 4.4466 4.4614 4.5156 4.6058 4.6097 4.6389 4.6957 4.7174 4.7432 4.8244 4.9419 4.9577 4.971 4.9956 5.01 5.1716 5.315 5.3868 5.5408 5.576 5.635 5.672 5.762 5.785 5.805 5.8521 5.896 5.94 6.029 6.0884 6.1355 6.141 6.1683 6.1804 6.2064 6.2185 6.2278 6.2658 6.2724 6.3216 6.3606 6.3682 6.3693 6.3816 6.399 6.4411 6.4498 6.4785 6.4876 6.5268 6.5471 6.5754 6.5829 6.6255 6.632 6.6403 6.6943 6.702 6.7194 6.7243 6.7376 6.7481 6.777 6.79 6.7977 6.8071 6.829 6.842 6.8522 6.8702 6.8871 6.8899 6.9009 6.9172 6.9307 6.934 6.9766 6.986 6.9905 7.067 7.0508 7.0582 7.0804 7.2501 7.8024 end
34Ar
0 2.090.9 3.2875 3.871 4.1278 2.0368 4.1275 4.5132 4.631 4.865 4.967 5.225 5.310 5.542 5.620 5.909 6.076 6.525 6.798 6.990 7.322 7.499 7.925 end
35Ar
0 1.184 1.751 2.601 2.638 2.983 3.193 3.884 4.012 4.065 4.110 4.142 4.350 4.528 4.726 4.786 5.048 5.116 5.205 5.387 5.484 5.573 5.591 5.911 6.033 6.153 6.258 6.631 6.827 6.959 7.055 7.117 7.293 7.423 7.504 7.84 8.019 8.395 9 10 11 12 13 14 15 end
35Cl
0 1.21944 1.76315 2.6456 2.6936 3.00274 3.1628 3.91848 3.9429 3.9675 4.0592 4.1133 4.17345 4.1779 4.3477 4.6244 4.7699 4.83909 4.8544 4.8811 5.1014 5.16331 5.2158 5.4036 5.4067 5.586 5.5997 5.646 5.654 5.683 5.72352 5.758 5.806 5.823 5.9265 6.0869 6.106 6.140 6.181 6.2 6.225 6.379 6.402 6.427 6.4920 6.656 6.681 6.783 6.802 6.8664 6.894 6.948 6.986 7.0659 7.1034 7.121 7.17 7.1788 7.1942 7.21 7.2245 7.2335 7.2728 7.301 7.348 7.3631 7.397 7.418 7.4507 7.500 8 8.5 9 10 11 end
37Ar
0 1 2 3 4 5 6 7 8 9 10 11 12 13 14 15 end
36Cl
0 .788442 1.165 1.601 1.951 1.959 2.468 2.492 2.518 2.676 2.811 2.864 2.896 2.995 3.101 3.12 3.207 3.332 3.47 3.566 3.5996 3.635 3.66 3.724 3.826 3.941 3.963 3.992 4.032 4.062 4.139 4.206 4.294 4.2997 4.316 4.410 4.497 4.525 4.552 4.599 4.724 4.738 4.754 4.758 4.8296 4.847 4.877 4.884 4.957 4.99 4.997 5.018 5.079 5.151 5.205 5.247 5.263 5.308 5.313 5.329 5.368 5.464 5.474 5.518 5.544 5.564 5.579 5.604 5.619 5.694 5.703 5.734 5.778 5.78 5.832 5.867 5.898 5.912 5.948 5.957 5.968 5.986 6.027 6.042 6.051 6.085 6.0899 6.095 6.146 6.185 6.254 6.268 6.34 6.344 6.355 6.3796 6.434 6.44 6.469 6.488 6.505 6.528 6.538 6.545 6.577 6.595 6.604 6.618 6.643 6.673 6.683 6.75 6.773 6.826 6.837 6.893 6.952 6.997 7.083 7.165 7.512 7.559 7.564 7.665 7.755 7.87 8.184 end
37Cl
0 1.72658 3.08614 3.1035 3.62682 3.70779 3.74122 4.00987 4.01629 4.17664 4.26887 4.27259 4.3963 4.45997 4.5456 4.80121 4.8109 4.83761 4.85396 4.9042 4.9206 4.923 4.9608 4.974 5.0093 5.0552 5.0591 5.143 5.2287 5.2706 5.283 5.3074 5.3171 5.3725 5.379 5.406 5.49068 5.5284 5.547 5.5701 5.595 5.6179 5.6453 5.7009 5.7263 5.9093 5.915 5.931 5.944 5.978 5.9859 6.006 6.0153 6.0422 6.047 6.197 6.3051 6.3238 6.358 6.372 6.415 6.4883 6.601 6.6689 6.7018 6.732 7.0202 7.0794 7.15 7.2 7.2244 7.2545 7.3 7.6868 7.735 7.92 7.99 8.1774 8.678 10.2222 10.3123 10.3146 10.319 end
38Ar
0 1 2 3 4 5 6 7 8 9 10 11 12 13 14 15 end
38K
0 1 2 3 4 5 6 7 8 9 10 11 12 13 14 15 end
39K
0 1 2 3 4 5 6 7 8 9 10 11 12 13 14 15 end
40Ca
0 3.353 3.737 3.904 4.491 5.212 5.249 5.279 5.613 5.629 5.903 6.025 6.029 6.285
6.422 6.508 6.542 6.582 6.75 6.909 6.931 6.932 6.938 6.95 7.113 7.114 7.239 7.278 7.301 7.397 7.421 7.446 7.466 7.532 7.561 7.623 7.658 7.677 7.694 73701 7.769 7.815 7.872 7.928 7.977 8.019 8.052 8.092 8.099 8.113 8.135 8.188 8.196 8.271 8.276 8.323 8.338 8.359 8.374 8.425 8.439 8.484 8.54 8.551 8.579 8.587 8.631 8.665 8.678 8.71 8.748 8.764 8.81 8.851 8.909 8.935 8.938 8.98 8.981 8.994 9 10 11 12 14 16 18 20 end
44Sc
0 .067 .146 .234 .27 .35 .425 .531 .631 .6667 .725 .763 .968 .986 1.006 1.050 1.142 1.186 1.197 1.303 2 3 4 5 6 7 8 9 10 11 end
49Ti
0 1.381773 1.54215 1.585963 1.610 1.62293 1.723482 1.762011 2.26132 2.4714 2.50436 2.5055 2.51344 2.516 2.66436 2.7206 2.7213 2.9805 3.03868 3.0425 3.175292 3.260703 3.2903 3.42825 3.451 3.46902 3.511 3.606 3.61848 3.639 3.7007 3.746 3.747 3.7847 3.78767 3.818 3.85498 3.916 3.9407 3.967 3.990 4.07416 4.142 4.195 4.221802 4.242 4.300 4.34 4.3823 4.43326 4.456 4.489 4.5069 4.561 4.584 4.58824 4.621 4.666 4.725 4.77 4.81101 4.836 4.897 4.910 5.063 5.115562 5.121 5.15111 5.173 5.2 5.232 5.2545 5.3258 5.347 5.375 5.412 5.437 5.579 5.606 5.655 5.693 5.7379 5.774 5.79567 5.861 5.91 5.931 5.965 6.01 6.012 6.078 6.091 6.125 6.145 6.168 6.231 6.269 6.279 6.513 7.329 7.626 8.132605 8.15365 8.15554 8.15963 8.16356 8.17844 8.19323 8.724 8.8816 8.89 9.72 10.972 11.11 11.7 end
50Ti
0 1.553778 2.674910 3.198706 3.86279 3.8682 3.9749 4.147 4.147189 4.17968 4.1725 4.30985 4.40999 4.48671 4.536 4.576 4.78995 4.880676 4.928 4.940 5.125 5.186069 5.191 5.336 5.379907 5.407 5.44072 5.528 5.54778 5.560 5.561 5.6 5.633 5.69483 5.717 5.771 5.787 5.795 5.80651 5.8372 5.88 5.945 5.946442 6.044 6.045 6.068 6.12311 6.1362 6.15644 6.182 6.213 6.250 6.30176 6.37983 6.392 6.39977 6.461 6.4811 6.52136 6.5406 6.548 6.583 6.609 6.636 6.665 6.71053 6.72982 6.77 6.7704 6.8376 6.849 6.864 6.933 6.975 7.02937 7.047 7.049 7.07868 7.094 7.115 7.132 7.190 7.210 7.23216 7.249 7.28 7.293 7.335 7.387 7.407 7.447 7.471 7.48292 7.536 7.5395 7.5725 7.577 7.605 7.631 7.667 7.699 7.734 7.808 7.862 7.925 7.941 8.035 8.074 8.148 8.205 8.238 8.2577 8.287 8.407 8.444 8.560 8.578 8.606 8.64 8.726 8.755 8.7935 8.81 8.815 8.87 8.881 8.971 9.03 9.05 9.061 9.127 9.188 9.21 9.232 9.240 9.28 9.282 9.339 9.367 9.391 9.442 9.504 9.508 9.55 9.614 9.752 9.79 9.809 9.842 9.909 9.964 9.999 10.0 10.047 40.14 10.17 10.205 10.237 10.357 10.38 10.472 10.495 10.54 10.58 10.66 10.8 end
51Ti
0 1.1667 1.4373 1.5675 2.144 2.1981 2.3446 2.6914 2.7312 2.7542 2.9058 2.9193 3.0623 3.1738 3.2374 3.6185 3.6441 3.7713 4.022 4.095 4.172 4.1866 4.4072 4.470 4.569 4.602 4.757 4.820 4.882 4.8821 4.998 5.013 5.012 5.102 5.149 5.224 5.245 5.420 5.54 5.78 5.95 6.14 6.25 end
52Fe
0 0.8495 2.3846 2.759 3.585 4.146 4.326 4.396 4.456 4.851 4.872 4.896 5.137 5.328 5.363 5.439 5.483 5.529 5.563 5.655 5.718 5.792 5.829 5.965 6.034 6.044 6.174 6.231 6.361 6.416 6.454 6.483 6.493 6.531 6.564 6.634 6.714 6.744 6.772 6.882 6.927 6.958 7.013 7.124 7.261 7.289 7.338 7.382 7.463 7.51 7.611 7.636 7.787 7.817 7.935 8.037 8.067 8.097 8.122 8.146 8.184 8.207 8.24 8.327 8.354 8.401 8.425 8.461 8.511 8.535 8.561 8.618 8.661 8.677 8.727 8.748 8.77 8.832 8.872 8.9 8.936 8.962 8.985 9.044 9.059 9.13 9.213 9.279 9.311 9.338 9.35 9.458 9.497 9.77 10.006 10.049 10.332 10.81 10.99 11.44 11.64 11.78 end
56Co
0 1 2 5 10 15 20 end
56Ni
0 2.701 3.924 3.957 4.932 5.004 5.316 5.353 5.484 5.668 5.679 5.799 5.985 6.011 6.236 6.320 6.327 6.406 6.436 6.517 6.555 6.572 6.655 6.73 7.025 7.144 7.25 7.289 7.4 7.433 7.443 7.576 7.67 7.69 7.801 7.904 7.956 8.08 8.143 8.479 8.52 8.575 8.674 8.7 8.796 8.87 9.008 9.042 9.109 9.154 9.235 9.31 9.419 9.45 9.596 9.676 9.74 9.756 9.824 9.943 9.994 10.011 10.041 10.055 10.095 10.15 10.25 10.331 10.377 10.428 10.655 10.785 10.82 10.854 10.95 11.055 11.8 end
57Ni
0 .769 1.113 2.443 2.577 3.23 3.311 3.364 5 10 end
59Ni
0 .3394 .465 .878 1.1888 1.3014 1.3379 1.6797 1.7347 1.9479 2.415 2.6271 2.8936 3.027 3.0543 3.037 3.1254 3.1816 3.3774 5 10 end
59Cu
0 .491 .914 1.399 2.266 2.324 3.043 3.13 3.58 5 10 end
61Ni
0 .0674 .283 .656 .9086 1.0151 1.0996 1.1323 1.1853 1.4548 1.6097 1.7295 2.1216 2.124  2.469 2.593 2.6397 2.697 2.7651 2.804 2.905 3.0623 3.308 3.487 3.506 5 10 end
61Cu
0 .475 .97 1.311 1.394 1.933 2.089 2.203 2.358 2.472 2.721 2.84 2.933 3.019 3.092 3.406 3.578 3.863 5 10 end
63Ni
0 .0872 .1556 .5176 1.0011 1.2511 1.2918 1.324 1.677 1.787 1.899 2.149 2.297 2.3531 2.519 2.6966 2.953 5 10 end
63Cu
0 .67 .962 1.327 1.412 1.547 2.013 2.062 2.336 2.405 2.505 2.697 2.78 3.226 3.298 3.426 3.476 3.575 5 10 end
65Ni
0 .0634 .3101 .6932 1.017 1.4176 1.594 1.9204 2.1468 2.336 2.520 2.793 2.829 5 10 end
65Cu
0 .771 1.116 1.482 1.623 1.725 2.107 2.213 2.329 2.526 2.65 2.874 3.086 3.157 5 10 end 
99Mo
0.098 0.236 0.351 0.525 0.548 0.615 0.632 0.698 0.752 0.754 0.793 0.890 .906
.945 1.026 1.561 1.893 2.134 2.340 2.641 end
44Sc
0 .067 .146 .234 .27 .35 .425 .531 .631 .6667 .725 .763 .968 .986 1.006 1.050 1.142 1.186 1.197 1.303 2 3 4 5 6 7 8 9 10 11 end
140Ce
0 1.596 1.903 2.083 2.108 2.348 2.350 2.412 2.464 2.481 2.516 2.521 2.547 2.629 2.658 2.900 3.001 3.017 3.04 3.119 3.168  3.226 3.256 3.320 3.331 3.391 3.395 3.425 3.433 3.474 3.477 3.484 3.493 3.513 3.521 3.522 3.534 3.551 3.602 3.621 3.640 3.653 3.661 3.710 3.715 3.729 3.746 3.780 3.792 3.895 3.911 3.912 3.956 3.970 5 6 7 8 9 10 11 end
110Cd
0 1 2 3 4 5 6 7 8 9 10 11 12 13 14.206 15.357 15.5587 15.644 15.68 15.738 15.777 15.874 15.940 16.001 end
64Ga
0 1 2 3 4 5 6 8 10 12 15 end
66Ga
0 1 2 3 4 5 6 8 10 12 15 end
68Ga
0 1 2 3 4 5 6 8 10 12 15 end
72Ge
0 0.691 0.834 1.464 1.728 2.029 3.0 4.0 5.0 6.0 end
74Ge
0 .59585 1.204 1.463759 1.697 1.724954 1.913 2.165 2.165259 2.1979 2.22777 2.3 2.490 2.53631 3 4 5 6 end
75Ge
0 .06189 .13969 1.9218 .19989 .2531 .31685 .457 .57469 .58441 .651 .67365 .7621 .88546 .9013 .9472 .9868 1.0622 1.080 1.128 1.1369 1.19 1.2229 1.24073 1.257 1.3352 1.3944 1.408 1.416 1.427 1.4946 1.50154 1.5144 1.5377 1.6028 1.682 1.68836 1.6969 1.71848 1.7596 1.79627 1.86942 1.901 2.0039 2.054 2.069 2.948 2.1037 2.1101 2.127 2.151 2.1971 2.2148 2.281 2.32 2.359 2.38282 2.384 2.478 2.52725 2.534 2.572 2.5742 2.66 2.6644 2.665 2.74 2.748 2.759 2.781 2.835 2.836 2.8528 2.939 2.954 3.031 3.042 3.0487 3.0673 3.0823 3.092 3.126 3.136 3.1629 3.182 3.196 3.214 3.2796 3.29 3.361 3.37 3.393 3.438 3.45 3.494 3.532 3.56 3.626 3.719 3.759 3.812 3.839 3.862 4 5 6 end
74Se
0 0.635 0.854 1.269 1.363 1.657 1.839 1.884 2.108 2.146 3 4 5 end
75As
0 .199 .265 .280 .304 .401 .469 .572 .585 .618 .822 .860 .865 .886 1.048 1.07 1.131 1.213 1.297 1.352 1.435 1.595 1.66 1.765 1.809 1.903 1942 2.112 2.21 2.296 2.385 2.446 2.485 2.528 2.586 2.68 2.798 2.92 3.046 3.099 3.152 3.222 3.308 3.355 3.414 3.46 3.565 3.608 3.716 3.778 3.869 3.906 5 6 8 10 end
75Se
0 1 2 3 4 5 6 end
76Ge
0 .56293 1.10844 1.41 1.5395 1.911 2.0199 2.2049 3 4 5 6 end
76Se
0 .559 1.122 1.216 1.331 1.68896 1.7876 1.791 1.881 2.026 2.1272 3 4 5 6 end
77Ge
0 .1597 .2249 .421 .4919 .5048 .581 .6188 .6294 .7605 .778 .884 1.0211 1.0476 1.109 1.189 1.2504 1.3587 1.385 1.536 1.61 1.6633 1.777 1.804 1.823 1.883 1.954 2.060 2.088 2.212 2.26 2.305 2.442 2.479 2.515 2.556 2.783 2.8167 2.873 2.929 2.96 2.998 3.09 3.135 3.147 3.242 3.257 3.364 3.388 3.443 3.496 3.547 4 5 6 end
77As
0 .195 .215 .264 .475 .504 .614 .632 .634 .785 .875 .889 1.048 1.052 1.059 1.158 1.165 1.190 1.201 1.221 1.280 1.32 1.345 1.35 1.397 1.399 1.458 1.528 1.539 1.561 1.574 1.605 1.617 1.654 1.676 1.733 1.737 1.76 1.838 1.888 1.930 1.971 2.098 2.195 2.335 2.41 2.516 2.623 2.65 2.75 2.846 2.934 3.009 3.086 3.118 3.19 3.258 3.312 3.376 3.483 3.559 3.593 3.633 3.676 3.742 3.77 3.835 3.885 3.96 4.022 4.102 4.192 4.325 5 10 end
77Se
0 .1619223 1.753058 2.389988 2.497884 .301497 .4394516 .5206392 .581 .68 .796 .808 .8178562 .8244 .9115313 .94698 .97004 .9783 .9992 1.005 1.024 1.12664 1.128113 1.132458 1.17248 1.1793 1.18698 1.193 1.23 1.252965 1.2828 1.35157 1.364 1.402486 1.411626 1.439 1.488 1.511 1.6077 1.61658 1.6205 1.623 1.714749 1.72194 1.817637 1.83086 1.88652 1.88867 1.916 1.9986 2.05545 2.057 2.092 2.10337 2.1426 2.157 2.212 2.24 2.2489 2.264 2.26443 2.32 2.33994 2.37336 2.393 2.455449 2.49192 2.5519 2.55384 2.5798 2.584 2.611 2.640967 2.719 2.77677 2.7896 2.809 2.81546 2.8183 2.853 2.86446 2.869 2.87298 2.89194 2.95 2.96679 2.9829 2.994 3.01469 3.04031 3.05 4 5 6 end
77Br
0 .1058 .1302 .165 .227 .277 .337 .426 .473 .579 .647 .775 .835 .899 .972 1.028 1.1226 1.1389 1.2399 1.2755 1.3626 1.373 1.462 1.484 1.554 1.577 1.6044 1.6515 1.7164 1.7463 1.774 1.789 1.855 1.9076 1.9988 2.0199 2.1315 2.1499 2.1754 2.224 2.2483 2.2747 2.2967 4 5 6 8 10 end
78Ge
0 .619 1.18649 1.5466 1.57 1.64448 1.84272 2.292 2.319 2.33 2.404 2.4387 2.652 2.66566 2.70594 2.759 3 4 5 6 end
78Se
0 0.613 1.3086 1.499 1.5028 1.75869 1.854 1.996 2.191 2.267 2.2998 3 end
79Se
0 .09577 .128 .13697 .36486 .52793 .534 .57197 .586 .62981 .7225 .7285 .750 .79038 .81881 .89716 .97484 .9829 1.00821 1.0605 1.07236 1.08046 1.08865 1.11007 1.134 1.156 1.23118 1.2535 1.25681 1.312 1.3222 1.33998 1.346 1.385 1.4176 1.441 1.4898 1.491 1.5264 1.561 1.5966 2 3 4 5 6 end
79Br
0 .2104 .2092 .3736 .4029 .5251 .6086 .7645 .7959 .8353 .9107 .9547 1.0388 1.053 1.0797 1.1162 1.1317 1.1826 1.1919 1.2216 1.2561 1.3289 1.376 1.385 1.495 1.5173 1.561 1.5782 1.6171 1.6929 1.775 1.7949 1.9082 1.9464 1.9738 2.0161 2.0398 2.0751 2.1594 2.1828 2.2027 2.2352 2.2602 2.3146 2.3447 2.3633 2.4144 2.4248 2.4349 2.4634 2.5115 2.5289 2.548 2.5685 3 4 5 6 8 10 end
80Se
0 .66627 1.44935 1.47882 1.70145 1.8734 1.95982 2.12112 231129 2.344 2.49477 2.51357 2.6274 3 4 5 6 end
91Zr
0 2.18 end
120Sn
0 1.171265 1.875 2.097 2.1599 2.173 2.194 2.284 2.297 2.355 2.4 2.42 2.4656 2.54 2.587 2.643 2.685 2.691 2.695 2.728 2.7497 2.751 2.8 2.802 2.835 2.836 2.844 2.8576 2.902 2.93 2.975 2.997 3.009 3.03475 3.034 3.057 3.0697 3.077 3.1 3.15797 3.179 3.20854 3.21 3.231 3.237 3.252 3.26289 3.27929 3.284 3.33 3.341 3.3499 3.38632 3.438 3.446 3.455 3.47154 3.54758 3.559 3.5819 4 5 6 7 8 9 10 end
128Te
0 .743 1.497 1.520 1.811 1.969 1.972 1.979 2.028 2.133 2.193 2.218 2.270 2.308 2.338 2.352 2.396 2.5 3 3.5 4 4.5 5 6 7 8 9 10 end
137Ba
0  1 2 3 4 5 6 7 8 9 10 end
139Ce
0 1 2 3 4 5 end
105Ag
0.0 0.025 0.053 0.347 0.433 0.615 0.669 0.802 0.878 0.917 0.987 1.024 1.043 1.097 1.166 1.243 1.295 1.295 1.328 1.345 1.386 1.416 1.442 1.543 1.558 1.573 1.587 1.636 1.636 1.643 1.656 1.666 1.670 1.681 1.691 1.706 1.719 1.734 1.750 1.757 1.794 1.828 1.843 1.859 1.875 1.883 1.886 1.921 1.923 1.959 1.978 1.986 2.023 2.029 2.061 2.082 2.086 2.093 2.111 2.113 2.127 2.144 2.157 2.166 2.197 2.220 2.250 2.252 2.257 2.276 2.277 2.299 2.300 2.308 2.313 2.315 2.326 2.328 2.333 2.334 2.359 2.372 2.401 2.409 2.420 2.423 2.429 2.429 2.445 2.447 2.462 2.470 2.473 2.486 2.495 2.497 2.502 2.521 2.534 2.551 2.551 2.583 2.584 2.596 2.602 2.613 2.617 2.636 2.654 2.675 2.719 2.728 2.745 2.751 2.762 2.769 2.774 2.866 2.876 2.936 3.007 3.101 3.125 3.176 3.176 3.428 3.510 3.806 3.928 4.192 4.362 4.665 4.932 5.127 5.445 5.657 5.969 6.113 6.186 6.286 6.629 6.715 6.772 6.966 7.071 7.387 7.438 8.068 end
107Ag
0 0.093 0.126 0.325 0.423 0.773 0.787 0.922 0.950 0.973 0.991 1.061 1.142 1.143 1.147 1.222 1.223 1.259 1.326 1.449 1.465 1.483 1.508 1.572 1.577 1.615 1.653 1.656 1.685 1.800 1.820 1.832 1.846 1.851 1.875 1.904 1.918 1.925 1.942 1.956 1.976 2.026 2.054 2.062 2.065 2.067 2.111 2.140 2.172 2.176 2.177 2.199 2.227 2.254 2.284 2.298 2.306 2.320 2.347 2.355 2.370 2.374 2.405 2.412 2.414 2.437 2.463 2.464 2.494 2.533 2.543 2.590 2.665 2.666 2.672 2.701 2.717 2.733 2.733 2.734 2.748 2.776 2.790 2.808 2.844 2.883 2.892 2.904 2.924 3.004 3.029 3.034 3.048 3.056 3.111 3.125 3.148 3.239 3.295 3.298 3.461 3.467 3.520 3.598 3.676 3.683 3.724 3.742 3.928 3.954 3.978 4.024 4.031 4.046 4.103 4.356 4.375 4.398 4.753 4.753 4.773 4.968 5.007 5.247 5.258 5.565 5.575 5.748 5.945 6.319 6.377 6.888 6.912 7.442 8.047 8.718 12.201 12.287 12.595 12.638 12.692 12.794 end
113Sn
0 .0774 .410 .738 1.014 1.018 1.042 1.14 1.249 1.284 1.303 1.314 1.356 1.473 1.537 1.539 1.5399 1.557 1.646 1.647 2 3 4 5 10 end
115Sn
0 .4972 .6128 .7136 .9866 1.2803 1.4169 1.6338 1.6435 1.6437 1.7341 1.7859 1.805 2 3 4 5 10 end
117Sn
0 .1587 .3146 .360 .6785 .71154 1.00453 1.0199 1.1797 1.304 2 3 4 5 10 end
119Sn
0 .02387 .089531 .787 .9205 .9214 1.06 1.0624 1.089 1.1877 1.21 1.2497 1.3044 1.309 1.309 1.3548 2 3 4 5 10 end
123Sn
0 end
131Xe
0 .164 1.07 1 2 3 4 5 10 end
132Xe
0 .668 1.298 1.44 1.8 1.85 3 4 5 10 end
133Xe
0 .2332 .2627 .5299 .6089 .6803 .7438 .8753 .9115 .9285 1.0523 1.071 1.1695 1.236 1.298 1.35 1.386 1.5899 1.609 1.701 1.716 1.743 1.7896 1.862 1.876  2.062 3 4 5 10 end
134Xe
0 .847 1.614 1.731 1.92 3 4 5 10 end
135Xe
0 1 2 3 4 5 10 end
136Xe
0 1.313 1.694 1.892 2.126 3 4 5 10 end
141Nd
0 1 2 3 4 5 end
143Sm
0 1 2 3 4 5 end
138Ba
0 1 2 3 4 5 6 7 8 9 10 11 12 13 14 15 16 17 18 19 20 21 22 end
139Ba
0 .627294 1.08196 1.28332 1.3082 1.42065 1.53896 1.619 1.62073 1.68078 1.69868 1.74825 1.81776 1.8288 1.85102 1.87737 1.88753 1.93348 1.94602 1.94911 1.95154 1.9772 1.99825 2.0288 2.03794 2.07906 2.08988 2.0917 2.10007 2.11085 2.12915 2.15699 2.15877 2.16672 2.17394 2.1855 2.21891 2.22979 2.24985 2.30487 2.34979 2.3758 2.3807 2.43521 2.46166 2.4807 2.48552 2.5243 2.52968 2.53182 2.543 2.54968 2.56986 2.60573 2.64938 2.667 2.739 2.7435 2.797 2.84775 2.857 2.909 2.939 2.99442 2.99731 3.023 3.080 3.1 3.16812 3.1773.21 3.231 3.2591 3.27028 3.336 3.38502 3.40135 3.41879 3.43443 3.46439 3.48 3.499 3.524 3.563 3.592 3.603 3.66566 3.646 3.70194 3.72419 3.76922 3.82005 3.83973 3.85393 3.8879 3.91227 3.93 3.95082 3.971 4.01 5 6 7 8 9 10 11 12 13 14 15 16 17 18 19 20 21 22 end
138La
0 1 2 3 4 5 6 8 10 12 15 20 end
140Ce
0 1 2 3 4 5 6 7 8 9 10 11 12 13 14 15 16 17 18 19 20 21 22 end
141Ce
0 1.353 1.363 1.692 2.906 4 5 6 7 8 9 10 11 12 13 14 15 16 17 18 19 20 21 22 end
142Nd
0 1 2 3 4 5 6 7 8 9 10 11 12 13 14 15 16 17 18 19 20 21 22 end
143Nd
0 1.223 1.401 1.737 2.807 4 5 6 7 8 9 10 11 12 13 14 15 16 17 18 19 20 21 22 end
144Sm
0 1 2 3 4 5 6 7 8 9 10 11 12 13 14 15 16 17 18 19 20 21 22 end
145Sm
0 .895 1.099 1.108 1.430 1.611 1.665 1.796 2.014 2.674 4 5 6 7 8 9 10 11 12 13 14 15 16 17 18 19 20 21 22 end
195Au
0 .0614 .2416 .2618 .3186 1 2 3 4 5 6 7 8 9 10 11 12 13 14 151 16 17 18 19 20 21 22 23 end
196Au
0 1 2 3 4 5 6 7 8 9 10 11 12 13 end
197Au
.07735 .2688 .279 .409 .5025 .5475 .583 .7637 .8555 .882 .88811 .936 .948 1.0451 1.12 1.15 1.1217 1.22 1.231 1.242 1.263 1.37 1.38 1.412 1.478 1.488 1.584 1.708 2 3 4 5 6 7 8 9 10 end
200Hg
0 1 2 3 4 5 6 7 8 9 10 end
241Am
0 1 2 3 4 5 6 end
207Pb
0 1 2 3 4 5 6.064 6.073 6.090 6.105 6.146 6.170 6.179 6.188 6.228 6.251 6.262 6.276 6.310 6.332 6.360 6.381 6.402 6.449 6.483 6.543 6.627 6.67 6.716 6.735 6.749 6.763 6.788 6.818 6.826 6.864 6.912 6.939 6.955 6.998 7.048 7.096 7.165 7.283 7.306 7.590 7.960 8.220 8.540 9.220 9.600 7 8 9 10 12 14 16 18 20 25 30
end
91Zr
0 1 2 3 4 5 6 7 8 end
93Mo
0 1 2 3 4 5 6 7 8 end
89Sr
0 1 2 3 4 5 6 7 8 end
113Sb
0 1 2 3 4 5 6 7 8 end
115Sb
0 1 2 3 4 5 6 7 8 end
117Sb
0 1 2 3 4 5 6 7 8 end
119Sb
0 1 2 3 4 5 6 7 8 end
121Sb
0 1 2 3 4 5 6 7 8 end
123Sb
0 1 2 3 4 5 6 7 8 end
125Sb
0 1 2 3 4 5 6 7 8 end
129Te
0 1 2 3 4 5 6 7 8 end
131Te
0 1 2 3 4 5 6 7 8 end
91Mo
0 1 2 3 4 5 6 7 8 end
92Mo
0 1 2 3 4 5 6 7 8 end
